10000,10835
10001,43979
10001,43980
10001,43981
10002,38532
10002,64583
10002,7008
10003,59395
10003,59396
10003,59397
10004,62624
10004,62625
10004,62626
10005,64026
10005,64027
10005,26819
10006,64444
10006,64445
10006,64446
10006,64447
10006,64448
10007,61758
10007,61759
10008,3480
10008,61049
10009,7926
10010,64547
10010,64548
10010,64549
10010,2682
10011,64375
10011,64376
10011,64377
10011,64378
10011,64379
10012,50878
10012,50879
10012,50880
10012,33
10012,32
10013,41631
10013,35
10013,41632
10014,63515
10014,63516
10015,63728
10015,63729
10015,63730
10016,61088
10016,61089
10017,58383
10017,58384
10018,64756
10019,58357
10019,11237
10019,58358
10019,58359
10019,58360
10020,33201
10020,47307
10020,36348
10020,47308
10021,56476
10021,56477
10021,56478
10021,56479
10022,56843
10022,40751
10022,56844
10023,64063
10023,58203
10024,64354
10024,64355
10024,27424
10024,27425
10025,64572
10025,64573
10026,64630
10026,64631
10026,64632
10027,88
10027,89
10027,90
10027,91
10028,62127
10028,62128
10029,51864
10029,37208
10029,35993
10029,35995
10030,34885
10031,29537
10031,53341
10031,53340
10032,35386
10032,57324
10033,64762
10033,64763
10033,64764
10034,64721
10034,58528
10034,64722
10034,64723
10035,59638
10035,59639
10035,59640
10035,59641
10035,51347
10036,64287
10036,6365
10036,64288
10037,62487
10038,156
10039,63661
10039,63662
10039,63663
10040,61514
10040,61515
10041,64251
10041,64252
10041,64253
10042,20950
10043,64397
10043,64398
10043,64399
10044,26220
10044,64737
10045,49388
10045,63333
10046,64625
10046,64626
10046,64627
10046,60421
10046,64628
10046,64629
10047,36575
10048,31555
10049,13636
10049,9671
10049,8313
10049,55014
10050,64419
10050,64420
10051,58907
10051,58908
10052,34447
10052,34448
10052,34449
10052,34450
10052,34451
10052,34452
10053,63222
10053,63223
10054,17321
10054,64416
10054,64417
10054,64418
10055,62987
10055,27325
10055,62988
10056,206
10056,207
10057,64382
10058,57860
10058,57861
10058,57862
10059,62048
10059,62049
10060,63809
10060,63810
10061,59450
10061,59451
10061,59452
10062,61119
10063,226
10063,227
10063,228
10063,229
10064,64240
10064,64241
10065,51810
10065,51811
10066,62856
10066,62857
10066,62858
10067,64724
10067,64725
10068,59753
10068,59754
10069,13592
10069,13593
10070,27462
10070,55090
10070,55091
10071,63477
10071,63478
10072,64663
10072,64664
10072,64665
10072,64666
10073,54927
10073,54928
10073,54929
10073,40248
10074,63331
10074,28969
10075,57980
10075,57981
10076,64017
10076,64018
10076,64019
10076,64020
10077,56467
10078,64147
10078,64148
10078,64149
10079,61929
10079,61930
10080,19225
10080,19226
10080,2499
10080,19227
10081,63797
10081,62524
10081,63798
10082,8356
10082,8357
10082,8358
10083,309
10084,59742
10084,59743
10084,6117
10084,59744
10084,59745
10085,55375
10085,55376
10085,12050
10085,55377
10085,55378
10085,55379
10086,48829
10086,319
10086,320
10087,22927
10087,41974
10088,326
10088,327
10088,328
10088,329
10089,64111
10089,64112
10089,64113
10089,64114
10090,60945
10090,60946
10090,60947
10091,34062
10091,514
10091,34063
10092,64550
10093,54010
10093,54011
10093,54012
10093,25173
10094,349
10094,350
10094,351
10095,63296
10095,63297
10095,63298
10095,63299
10095,10276
10095,36144
10096,22125
10096,64294
10097,54337
10097,54338
10097,54339
10097,54340
10097,54341
10097,54342
10098,35857
10098,35858
10098,35859
10099,50538
10100,64430
10100,64431
10100,64432
10101,47762
10101,47763
10102,3563
10102,52990
10102,62636
10102,3564
10103,62667
10104,21375
10104,55168
10104,55169
10104,2814
10104,16227
10105,46635
10105,46636
10105,12656
10106,422
10106,423
10106,424
10107,17809
10107,56030
10107,56031
10107,52991
10107,56032
10108,63753
10108,63754
10108,63755
10108,63756
10108,63757
10109,63718
10109,63719
10109,156
10109,63720
10110,63288
10110,63289
10110,63290
10110,63291
10110,20848
10111,61141
10111,61142
10111,61143
10112,59950
10112,59951
10112,59952
10112,1036
10113,63024
10113,63025
10114,7119
10114,7121
10114,18223
10115,64640
10116,33392
10116,33393
10116,33394
10116,33395
10117,63920
10118,63419
10118,14651
10119,64673
10119,23022
10119,23021
10120,64637
10120,64638
10120,64639
10121,62758
10121,38354
10122,62705
10122,62706
10123,63929
10123,63930
10123,63931
10123,63932
10123,61916
10124,62491
10125,53582
10125,15524
10125,50525
10126,507
10126,508
10127,62370
10127,62371
10127,62372
10128,64672
10128,51422
10129,59607
10129,59608
10129,4320
10129,12698
10130,60616
10130,31561
10131,59629
10132,57521
10132,63827
10132,36500
10133,61525
10134,53061
10134,53062
10135,61033
10135,49578
10136,47832
10136,47833
10137,34367
10137,55802
10137,34368
10138,52778
10138,52779
10138,52780
10138,52781
10139,64193
10139,64194
10140,64615
10141,21477
10141,20234
10141,64537
10142,62595
10142,62596
10142,62597
10142,62598
10143,56800
10143,55167
10143,56801
10144,63137
10144,63138
10144,63139
10145,58219
10146,2727
10146,11281
10146,11282
10146,11283
10146,11284
10147,35707
10147,35708
10148,63949
10148,63950
10148,21919
10148,25015
10149,26923
10149,63943
10150,32905
10150,32906
10151,14302
10151,63469
10151,2850
10152,63921
10152,63922
10152,63923
10152,57720
10152,57718
10152,63924
10153,21530
10153,21531
10154,40279
10154,40280
10154,40281
10155,36368
10155,36369
10155,19898
10155,22764
10156,59749
10156,59750
10156,50964
10157,62388
10157,9099
10158,64740
10158,64741
10159,61652
10159,61653
10159,61654
10159,15366
10159,17636
10160,60221
10160,60222
10160,60223
10160,60224
10161,870
10161,41866
10162,57746
10163,64592
10163,64593
10163,64594
10163,43739
10163,64595
10164,28500
10164,28501
10164,10850
10165,17875
10165,57753
10165,57754
10165,39356
10165,57755
10166,63562
10166,63563
10166,63564
10167,56487
10167,56488
10167,10726
10167,56489
10167,56490
10167,16227
10168,60329
10168,8842
10169,64754
10169,32016
10169,64755
10170,62950
10170,62951
10170,62952
10171,5944
10171,60782
10172,62606
10173,593
10173,62185
10173,594
10173,595
10174,49848
10174,49849
10175,62920
10175,62921
10175,51107
10175,62922
10176,61194
10176,10841
10177,64495
10177,64496
10178,64110
10178,700
10179,63125
10179,63126
10180,64691
10180,64692
10180,32961
10180,61315
10181,48503
10181,6199
10181,48504
10181,48505
10182,64254
10182,64255
10182,64256
10182,64257
10183,60797
10183,60798
10183,60799
10183,60800
10184,64616
10184,64617
10184,11979
10185,60620
10185,60621
10186,37833
10186,57659
10186,57660
10187,64485
10187,64486
10187,19567
10187,64487
10188,60356
10188,60357
10189,25881
10190,16743
10190,55374
10190,16744
10191,63506
10191,23733
10191,63507
10191,63508
10192,63237
10193,62831
10193,47457
10194,42511
10194,56971
10194,42512
10195,58506
10195,291
10196,48736
10196,48737
10196,48738
10196,2633
10197,26908
10197,43667
10197,43668
10197,43669
10197,43670
10197,43671
10197,43672
10197,43673
10197,43674
10197,43675
10198,63259
10198,50917
10198,63260
10199,5172
10199,62403
10200,64726
10200,64727
10201,64482
10201,64483
10201,64484
10201,15208
10202,53434
10202,53435
10203,63285
10203,35072
10204,62282
10204,62283
10204,10237
10205,33685
10205,33686
10206,64302
10206,64303
10206,64304
10206,64305
10206,64306
10207,59371
10208,16328
10209,49129
10210,64647
10211,25080
10212,62795
10212,62796
10213,63987
10213,63988
10213,63989
10214,64474
10214,4450
10215,51075
10215,19069
10216,63445
10216,63446
10216,63447
10217,64095
10217,64096
10217,64097
10218,1037
10218,1038
10218,1039
10219,55380
10220,47771
10220,58855
10220,47770
10221,61931
10222,22836
10223,47305
10224,60260
10224,60261
10225,3518
10225,3517
10225,56989
10225,3519
10226,49754
10226,49755
10226,49756
10227,63362
10227,63363
10228,14010
10228,51431
10229,26863
10229,57030
10230,59264
10230,59265
10231,10599
10231,58838
10232,62073
10232,61546
10233,4862
10233,61922
10234,1121
10234,1122
10234,1123
10234,1124
10234,1125
10234,1126
10234,1127
10234,1128
10234,1129
10234,1130
10235,64526
10235,64527
10235,64528
10235,64529
10235,64530
10235,64531
10235,64532
10236,63546
10236,63547
10236,63548
10236,63549
10236,63550
10236,63551
10236,13784
10236,63552
10236,63553
10237,14072
10237,43838
10237,60209
10237,49770
10238,29534
10238,29535
10239,61783
10240,64707
10240,64708
10241,8668
10241,53758
10241,995
10241,12123
10241,20471
10242,60321
10242,60322
10243,12646
10243,12647
10243,12648
10244,55170
10244,55171
10245,29087
10246,1192
10246,1193
10247,3123
10247,32628
10247,64535
10247,32630
10248,54360
10248,54361
10248,54362
10249,1223
10249,1224
10250,63813
10250,46653
10250,5948
10250,63814
10250,9945
10251,25910
10251,59619
10251,56644
10252,15542
10252,45021
10252,45022
10252,45023
10253,64676
10253,17750
10254,56840
10254,56841
10254,56842
10255,63866
10255,63867
10255,63868
10255,63869
10255,63870
10256,61851
10256,61852
10257,61912
10257,61913
10257,61914
10258,42872
10258,42873
10258,42874
10259,61472
10259,61473
10259,61474
10260,59550
10260,59551
10260,59552
10260,59553
10261,62610
10261,62611
10261,62612
10261,62613
10262,60725
10262,60726
10262,60727
10263,60314
10263,32016
10263,60315
10263,17611
10264,63004
10264,63005
10264,63006
10264,44129
10265,64014
10265,64015
10265,64016
10266,64295
10267,64731
10267,64732
10267,64733
10268,6741
10269,62249
10269,62250
10270,64653
10270,64654
10271,63271
10271,63272
10271,63273
10271,63274
10272,60328
10273,38601
10273,20235
10273,13559
10274,37177
10275,52969
10276,43577
10276,43578
10276,43579
10276,43580
10277,62099
10277,62100
10277,62101
10278,64163
10278,64164
10278,64165
10279,63544
10279,63545
10280,47026
10280,47027
10280,47028
10281,1557
10281,62712
10281,21545
10281,62713
10282,45961
10282,61614
10282,34725
10282,61615
10283,61827
10283,61828
10283,61829
10283,61830
10283,61831
10283,61832
10283,61833
10284,64591
10284,9628
10284,51978
10285,1537
10286,62661
10286,62662
10286,58988
10286,58989
10287,29253
10287,29254
10288,62069
10289,60279
10289,48528
10290,1656
10290,61297
10291,9284
10291,1935
10291,63330
10292,29934
10292,16147
10292,29935
10292,29936
10292,1789
10292,29937
10293,15666
10293,60801
10293,60802
10294,59427
10295,63704
10295,63705
10295,63706
10296,44093
10296,36372
10296,44094
10296,27740
10297,62070
10298,61476
10298,61477
10298,61478
10298,61479
10299,63831
10299,63112
10299,47877
10299,63832
10300,63181
10300,63182
10301,64049
10302,64435
10302,64436
10302,4082
10303,60595
10303,60596
10304,27748
10304,17242
10304,27749
10304,27750
10305,1642
10305,1643
10305,1644
10306,55106
10306,55107
10306,51816
10306,55108
10307,17360
10307,17361
10308,58041
10308,58042
10308,58043
10308,58044
10309,22672
10309,60296
10309,22674
10310,57350
10310,57351
10310,57352
10311,51428
10311,20512
10311,4492
10312,63935
10312,63936
10313,25500
10313,25501
10314,63502
10314,63503
10314,63504
10315,63085
10316,63275
10316,63276
10316,63277
10316,63278
10317,49661
10317,49662
10318,57767
10318,57768
10318,57769
10318,57770
10318,57771
10319,54123
10319,63731
10319,63732
10320,6188
10321,62937
10321,30771
10322,42097
10322,61428
10322,61429
10323,956
10323,46826
10324,64508
10324,64509
10324,64510
10324,64511
10325,22991
10326,60202
10326,60203
10326,60204
10326,60205
10327,60193
10327,60194
10327,60195
10327,60196
10328,61616
10328,10657
10328,10660
10329,63693
10329,54025
10329,63694
10329,63695
10329,63696
10330,42672
10330,32178
10330,42673
10330,42674
10331,14959
10331,38239
10332,64516
10332,64517
10332,56378
10332,32220
10333,41504
10333,52779
10334,63836
10334,63837
10335,1847
10335,1848
10335,1849
10336,1850
10336,1851
10336,1852
10337,61008
10338,63642
10338,9296
10338,63643
10339,23186
10339,52837
10340,64314
10340,64315
10341,23675
10341,23676
10341,1933
10342,52962
10342,52963
10342,52964
10343,64261
10344,63238
10344,63239
10345,52347
10345,54571
10345,54572
10345,54573
10346,45998
10346,45999
10346,46000
10347,61194
10347,10841
10348,40793
10348,63984
10349,64203
10349,64204
10349,64205
10349,64206
10350,31697
10350,39786
10350,39785
10351,63300
10351,56955
10352,63117
10352,63118
10353,50531
10354,56503
10354,56504
10354,56505
10355,47217
10355,44491
10355,57950
10355,57951
10356,61596
10356,61597
10356,61598
10356,61599
10357,61218
10357,61219
10357,61220
10358,63476
10358,43043
10359,62167
10359,62168
10359,50709
10360,48326
10360,48327
10360,48328
10360,8940
10361,63978
10362,45461
10363,2080
10363,2081
10363,2082
10363,2083
10364,62205
10364,17191
10364,62206
10365,30543
10366,64709
10366,64710
10366,64711
10366,64712
10367,51532
10367,51533
10367,51534
10367,824
10367,51535
10368,63811
10368,63812
10369,64520
10369,64521
10370,56133
10370,6735
10371,2163
10371,2164
10371,2165
10372,17069
10373,48362
10373,48363
10373,48364
10374,64262
10374,64263
10375,33754
10375,33755
10375,33756
10376,42460
10376,42461
10377,63633
10377,21800
10378,36807
10378,36808
10378,36809
10379,64093
10380,12000
10380,34106
10380,34107
10381,64021
10381,64022
10381,29447
10381,64023
10382,57161
10383,28154
10383,64178
10383,64179
10384,45260
10385,61847
10386,2275
10387,60831
10387,60832
10387,60833
10387,60834
10387,60835
10387,39942
10387,60836
10387,60837
10387,60838
10387,60839
10387,3039
10387,60840
10387,16337
10387,60841
10387,60842
10387,60843
10387,30937
10387,60844
10387,60845
10388,5840
10388,64347
10388,20114
10389,62527
10389,62528
10389,62529
10389,62530
10389,17261
10390,7693
10390,7694
10390,7695
10391,64223
10391,64224
10391,64225
10391,64226
10391,64227
10392,64433
10392,35024
10392,64434
10393,48807
10393,48808
10394,57896
10394,13494
10395,58481
10395,4197
10396,62688
10396,46032
10397,2347
10397,2348
10398,29850
10398,29851
10398,29852
10398,29853
10398,29854
10398,29855
10399,2361
10400,63470
10400,63471
10400,63472
10400,63473
10401,53475
10401,53476
10401,53477
10401,53478
10401,53479
10402,60372
10403,52795
10403,52796
10403,52797
10403,35220
10404,64742
10404,3568
10404,64743
10405,55906
10405,55907
10405,28615
10405,17764
10406,23241
10406,23242
10406,23243
10407,61076
10407,5811
10407,61077
10408,38580
10408,7373
10409,43678
10409,19669
10410,61214
10410,616
10410,13448
10410,38620
10410,38621
10411,62867
10411,35706
10411,13136
10412,62958
10412,62959
10413,64540
10414,28554
10414,61191
10414,28552
10414,28556
10414,61192
10414,28558
10414,28559
10415,2546
10416,30068
10416,22783
10416,22785
10417,7839
10417,7843
10418,37743
10418,64307
10418,64308
10419,63677
10419,63678
10420,57271
10420,59764
10420,59765
10420,59766
10420,59767
10421,61877
10421,55628
10421,61878
10422,2580
10422,2581
10423,62277
10423,62278
10423,62279
10424,60761
10424,60762
10425,57888
10425,57889
10425,42433
10426,61265
10426,61266
10426,61267
10426,61268
10426,61269
10426,61270
10427,29142
10427,29143
10428,60552
10428,60553
10428,60554
10428,60555
10429,64437
10429,31846
10430,48671
10430,48672
10431,62967
10431,4957
10432,62537
10432,24348
10433,37889
10433,54538
10434,8074
10435,2641
10435,2642
10435,2643
10435,2644
10435,2645
10435,2646
10436,62871
10436,62872
10436,12688
10436,62873
10436,36288
10436,62874
10437,64338
10437,64339
10437,64340
10437,64341
10437,64342
10437,64343
10437,64344
10437,64345
10437,46759
10438,32826
10439,53992
10439,53993
10440,62540
10440,62541
10440,62542
10440,62543
10441,38051
10441,63328
10441,63329
10442,63113
10442,6959
10442,55315
10442,40684
10443,63593
10443,63594
10444,26659
10444,24290
10445,41244
10445,4138
10445,6969
10446,26820
10446,26821
10447,2736
10447,2737
10448,39686
10448,18
10448,39687
10448,39688
10448,39689
10448,39690
10449,63039
10449,29289
10449,37091
10450,45006
10451,42804
10451,56097
10451,56098
10451,42805
10452,18187
10452,18188
10452,18189
10452,18190
10452,18191
10453,62844
10454,63511
10455,57846
10455,57847
10455,41563
10455,57848
10456,58196
10457,2787
10457,2788
10458,2801
10458,2802
10458,2803
10458,2804
10458,2805
10459,61307
10459,61308
10460,62953
10460,62954
10461,494
10461,64381
10462,62421
10462,62422
10462,62423
10462,2098
10463,63149
10463,63150
10463,63151
10463,6054
10464,64001
10465,52518
10465,1173
10465,44696
10466,63494
10466,63495
10466,63496
10467,57806
10467,57807
10467,57808
10468,57988
10468,57989
10468,57990
10469,47113
10470,64065
10470,64066
10470,64067
10471,62544
10471,62545
10471,62546
10471,62547
10471,62548
10472,55764
10472,55765
10472,55766
10472,55767
10472,55768
10473,49229
10473,35960
10474,29148
10474,63901
10474,63902
10474,63903
10474,63904
10475,49889
10475,49890
10475,49891
10476,62202
10476,62203
10476,62204
10477,54582
10477,54583
10478,15049
10478,15050
10478,15051
10479,49713
10479,49714
10479,49715
10480,60971
10480,60972
10481,62257
10481,62258
10481,53706
10482,56748
10482,56749
10482,56750
10482,56751
10482,56752
10482,56753
10482,3299
10482,56547
10482,56754
10483,47485
10483,47486
10483,47487
10483,47488
10484,43258
10484,43259
10485,63895
10485,63896
10485,63897
10486,63651
10486,63652
10486,14262
10487,43396
10487,43397
10487,43398
10487,43399
10487,43400
10488,58372
10489,53539
10489,53540
10489,53541
10489,53542
10490,62576
10491,28162
10491,28163
10491,28164
10492,46510
10493,53796
10493,62917
10493,37872
10494,64209
10494,64210
10495,7622
10495,55074
10495,991
10496,61094
10496,61095
10497,2122
10497,35168
10497,23804
10498,58881
10498,58882
10498,58883
10498,58884
10499,46310
10499,46311
10499,46312
10500,60119
10500,60120
10500,60121
10500,38109
10500,60122
10500,60123
10501,52082
10501,40567
10501,52083
10502,62678
10502,62679
10502,62680
10502,62681
10502,62682
10502,62683
10502,62684
10502,62685
10502,62686
10502,17280
10503,52664
10503,52665
10503,10884
10504,3217
10504,3218
10504,3219
10504,3220
10505,59872
10505,59873
10505,59874
10505,59875
10505,59876
10505,59877
10505,59878
10506,64518
10506,6083
10506,64519
10507,61791
10507,61792
10507,61793
10508,61723
10509,48959
10509,58659
10510,58729
10510,58730
10511,44953
10511,44954
10512,52694
10512,52695
10512,52696
10512,52697
10512,52698
10512,52699
10513,14221
10513,56567
10513,56568
10513,7344
10514,63261
10514,63262
10514,63263
10515,14917
10515,3911
10515,64298
10515,11111
10516,16442
10517,9803
10517,61106
10517,61107
10518,56499
10518,56500
10518,29594
10519,47365
10519,47366
10519,19299
10520,54256
10520,54257
10521,46175
10521,64719
10521,64720
10521,31375
10521,6175
10522,9191
10522,9192
10523,54741
10524,63751
10524,63752
10525,64152
10525,64153
10526,63159
10526,63160
10527,61873
10528,54321
10528,1636
10528,54322
10528,54323
10528,54324
10529,3432
10529,3433
10529,3434
10529,3435
10530,49876
10530,49877
10530,49878
10531,60326
10531,60327
10532,25971
10532,27760
10532,59572
10532,59573
10532,59574
10532,59575
10532,59576
10532,1807
10532,25974
10533,64464
10533,64465
10533,6171
10534,61632
10535,3480
10536,39381
10536,39382
10536,39383
10537,60478
10537,60479
10537,60480
10538,62310
10538,62311
10538,62312
10539,63128
10540,15381
10541,62599
10541,62600
10541,62601
10541,62602
10542,2676
10542,16099
10542,16100
10542,16101
10542,16102
10542,6367
10543,64028
10543,64029
10543,64030
10543,64031
10543,64032
10544,63743
10544,63744
10545,13947
10545,13948
10545,13949
10545,13950
10546,56082
10547,63622
10547,63623
10547,1578
10548,64107
10548,33438
10549,63833
10549,63834
10549,63835
10549,25484
10550,18653
10550,62369
10550,41695
10551,36376
10551,36377
10552,11075
10552,11076
10552,11077
10552,11078
10552,62843
10553,58274
10554,3651
10554,3652
10554,3653
10554,3654
10554,3655
10554,3656
10555,58842
10555,45867
10555,58843
10555,45870
10556,64512
10556,64513
10556,64514
10557,64674
10557,64675
10558,56142
10558,56143
10558,53418
10559,63439
10559,63440
10559,43624
10560,63521
10560,63522
10560,48297
10561,8679
10561,52945
10561,52946
10562,63389
10562,36723
10562,63390
10562,36722
10562,63391
10563,57085
10563,59286
10563,59287
10563,59288
10563,59289
10563,59290
10563,295
10564,63689
10564,63690
10565,4373
10565,49531
10565,45077
10565,49532
10566,55362
10567,55443
10567,17819
10568,43263
10569,40660
10569,40661
10569,40662
10569,40663
10569,40664
10569,40665
10570,63458
10570,63459
10570,63460
10571,56535
10572,64128
10572,64129
10572,64130
10573,61805
10573,61806
10573,61807
10574,43566
10574,43567
10574,43568
10575,64180
10576,58581
10576,58582
10577,64141
10578,27942
10579,58123
10579,56767
10579,58124
10579,16356
10580,9750
10580,59519
10580,59520
10581,58722
10581,30888
10581,58723
10582,61390
10582,60519
10582,26444
10583,62300
10583,62301
10583,18689
10583,62302
10584,60925
10584,60926
10584,22015
10584,60927
10584,60928
10585,61915
10585,61916
10586,50870
10586,3980
10586,50871
10587,39200
10587,39201
10587,39202
10588,29663
10588,29664
10589,61853
10589,44905
10589,1356
10590,57281
10590,57282
10590,57283
10590,57284
10591,64296
10591,64297
10591,7041
10591,59907
10592,54511
10592,54512
10592,50745
10593,64680
10593,64681
10593,45346
10593,64682
10593,64683
10594,49439
10594,49440
10594,49441
10594,49442
10595,36553
10595,36554
10595,27372
10595,36555
10596,63790
10597,47077
10597,47078
10597,47079
10598,63029
10598,63030
10598,63031
10598,26208
10599,54603
10599,54604
10599,54605
10600,19582
10600,56124
10601,46048
10601,46049
10601,46050
10601,46051
10601,46052
10601,13276
10602,64394
10602,64395
10602,64396
10603,64348
10604,58647
10604,58648
10605,57801
10605,57802
10606,61969
10606,61970
10606,61971
10606,61972
10606,61973
10607,55716
10607,55717
10607,55718
10608,62145
10608,62146
10608,7228
10609,51395
10609,51396
10610,61949
10611,63148
10612,62566
10612,62567
10613,61940
10613,61941
10613,61942
10614,58819
10614,58820
10615,64082
10615,64083
10615,64084
10616,57255
10616,11681
10616,57256
10617,4292
10618,38730
10618,36592
10619,13667
10620,14864
10620,51736
10620,51737
10620,9964
10620,51738
10620,51739
10621,35180
10621,63702
10622,16389
10622,54704
10622,9078
10622,16390
10622,54705
10623,57027
10624,56686
10624,56687
10624,52832
10624,52831
10624,54090
10625,52827
10625,52828
10625,52829
10625,52830
10625,52831
10625,52832
10625,52833
10626,63147
10627,53656
10627,53657
10627,53658
10627,53659
10628,59391
10628,741
10628,59392
10629,42819
10629,5193
10629,5194
10629,5196
10630,4398
10630,4399
10630,4400
10631,47574
10631,47575
10631,47576
10632,63624
10632,63625
10632,63626
10632,63627
10633,25752
10633,54980
10633,6253
10634,62164
10635,58344
10635,58345
10635,58346
10636,57368
10636,18715
10636,57369
10636,9597
10637,63423
10637,63424
10638,64577
10638,64578
10638,64579
10638,64580
10639,63152
10639,63153
10640,64050
10640,64051
10640,64052
10641,56450
10641,56451
10642,63398
10642,63399
10642,5375
10642,63400
10643,18439
10643,29608
10643,61902
10643,61903
10643,61904
10643,61905
10643,30866
10644,4534
10644,4535
10645,60661
10645,50957
10646,61228
10646,61229
10646,61230
10646,61231
10646,61232
10646,6910
10646,61233
10646,6909
10647,53640
10647,35473
10648,51625
10648,51626
10648,51627
10649,61955
10649,15442
10649,61956
10650,60992
10650,60993
10651,48793
10651,48794
10651,48795
10651,24919
10652,36216
10653,55585
10653,60988
10653,60989
10653,58811
10653,60990
10653,52531
10653,52532
10654,62453
10654,30180
10654,62454
10655,42791
10656,20776
10656,47439
10656,47440
10656,3382
10656,2513
10657,30471
10657,64258
10657,64259
10657,64260
10658,62237
10659,61110
10659,61111
10659,61112
10659,61113
10659,61114
10659,61115
10660,55811
10660,55812
10660,55813
10660,55814
10661,21870
10661,47313
10661,47314
10662,63784
10662,63785
10662,15992
10662,44891
10663,61729
10664,4737
10664,4738
10665,44246
10666,49975
10666,49976
10666,49977
10667,33698
10667,33699
10667,11485
10668,51633
10668,51634
10668,51635
10668,4159
10669,4820
10669,2079
10669,4821
10669,4822
10670,54852
10670,54853
10670,54854
10670,54855
10671,55236
10671,55237
10671,6360
10671,55238
10672,53739
10673,51139
10673,51141
10673,51140
10674,63604
10674,63605
10674,63606
10674,33409
10674,63607
10674,63608
10675,64098
10675,64099
10676,62942
10676,62943
10676,62944
10677,61092
10677,61093
10678,4897
10678,4898
10678,4899
10678,4900
10679,4907
10679,4908
10679,4909
10680,28135
10680,28136
10680,28137
10680,28138
10680,28139
10681,56402
10681,31460
10682,62411
10682,62412
10682,62413
10683,60262
10683,60263
10683,41079
10684,63666
10684,63667
10684,63668
10685,1220
10685,62905
10685,5719
10686,63657
10686,63658
10686,63659
10686,20803
10686,63660
10687,63619
10687,63620
10687,63621
10687,9656
10688,9856
10688,9857
10689,56460
10689,56461
10690,33238
10691,57376
10692,28547
10692,21274
10692,15539
10693,63664
10693,63665
10694,6686
10694,6687
10694,6688
10695,45981
10695,5030
10695,61195
10696,53003
10696,44309
10696,53004
10696,45704
10697,13553
10697,13554
10697,13555
10697,13556
10697,13557
10698,41997
10698,3355
10698,41998
10698,41999
10698,42000
10698,7257
10698,42001
10698,42002
10699,20999
10699,21000
10699,21001
10700,13012
10700,62006
10701,7295
10701,7296
10702,53724
10702,53725
10702,53726
10703,60299
10703,36281
10703,60300
10704,62117
10704,62118
10704,62119
10705,61144
10706,51699
10707,32176
10707,1174
10708,44109
10708,44110
10708,44111
10709,62463
10709,62464
10710,26247
10710,62904
10710,14448
10711,64356
10711,64357
10712,61454
10713,61293
10713,58620
10713,12831
10714,23122
10714,23123
10715,57060
10715,57061
10715,57062
10716,28846
10717,23019
10717,35208
10717,60431
10717,60432
10718,31151
10718,31152
10718,31153
10718,31154
10718,31155
10719,64384
10719,64385
10720,36488
10720,4559
10721,43526
10721,43527
10721,43528
10722,59894
10722,59895
10722,59896
10722,59897
10723,50756
10724,57904
10724,57905
10724,57906
10724,57907
10725,64400
10725,64401
10725,46962
10725,36323
10726,62707
10726,62708
10726,62709
10726,62710
10726,62711
10726,34443
10727,5383
10727,5384
10727,5385
10728,62975
10728,62976
10728,62977
10729,31061
10729,31062
10730,60886
10730,60887
10730,60888
10731,61364
10731,61365
10731,61366
10732,59630
10732,59631
10732,59632
10732,59633
10732,59634
10732,55452
10733,61381
10733,61382
10733,61383
10734,33953
10735,59507
10735,59508
10736,45080
10736,4703
10736,816
10736,815
10737,42366
10737,42367
10737,42368
10738,58392
10738,58393
10738,37208
10738,35993
10738,35995
10739,60698
10739,60699
10739,45853
10740,51740
10741,64412
10741,48301
10742,49678
10742,49679
10742,49680
10742,49681
10742,49682
10742,49683
10743,64506
10743,64507
10744,62010
10744,62011
10744,62012
10744,62013
10744,62014
10744,62015
10745,57378
10745,57379
10745,5570
10745,5569
10746,31351
10746,6059
10747,64134
10747,64135
10747,23848
10747,12174
10748,61735
10749,61222
10749,61223
10749,61224
10749,61225
10749,61226
10750,58777
10750,58778
10750,58779
10751,54808
10751,54809
10751,54810
10752,60264
10752,60265
10752,60266
10752,60267
10753,57121
10753,57122
10753,57123
10753,57124
10753,57125
10753,57126
10754,5633
10754,5634
10755,64702
10755,64703
10755,64704
10755,64705
10755,64706
10756,19070
10756,61078
10756,61079
10757,64655
10757,45642
10758,43369
10758,43370
10759,55572
10759,55573
10760,43820
10760,43821
10760,43822
10760,43823
10760,43824
10760,43825
10760,43826
10760,43827
10760,43828
10761,3594
10761,41266
10761,41267
10762,16306
10762,49695
10762,57243
10763,63957
10763,12224
10763,31561
10763,12226
10764,23953
10764,399
10764,42827
10765,63600
10766,33905
10766,33906
10766,33907
10766,33908
10767,21007
10767,21008
10767,21009
10767,21010
10767,21011
10768,43250
10768,19924
10768,43251
10768,14211
10769,48278
10770,63060
10770,63061
10771,54871
10771,12659
10771,54872
10772,51205
10772,51206
10773,5840
10773,5841
10773,5842
10774,47567
10774,47568
10774,47569
10774,47570
10775,39156
10775,4560
10775,39157
10776,5923
10776,5924
10776,5701
10777,53852
10777,53853
10777,53854
10778,7801
10778,7802
10778,7803
10779,6027
10779,6028
10780,12604
10780,20579
10780,41165
10780,41166
10781,16745
10781,16746
10781,16747
10781,16748
10781,16749
10782,58919
10782,58920
10782,58921
10782,58922
10783,52728
10784,47501
10784,47502
10785,58562
10785,58563
10785,58564
10785,58565
10785,58566
10785,19205
10786,57714
10786,57715
10786,28068
10786,57716
10786,57717
10786,22271
10787,15467
10788,32283
10788,32284
10788,4959
10789,6084
10789,6085
10789,6086
10790,61395
10790,61396
10790,61397
10790,61398
10791,64541
10791,64542
10791,60010
10791,64543
10791,60011
10792,63335
10792,63336
10792,63337
10792,63338
10793,26524
10793,26525
10794,53578
10794,2076
10795,27835
10795,27836
10795,27837
10795,27838
10795,27839
10796,64184
10796,64185
10797,47349
10797,47350
10797,47351
10798,1078
10798,64383
10798,64219
10799,59538
10799,59539
10799,59540
10799,46966
10800,56117
10800,24982
10800,56118
10800,56119
10801,61082
10801,61083
10801,61084
10802,8070
10802,12943
10802,61337
10802,61338
10802,17200
10802,61339
10802,61340
10802,61341
10803,23102
10803,23103
10803,23104
10803,23105
10804,6264
10804,1596
10804,6265
10804,6266
10804,6267
10805,3754
10805,6268
10805,6269
10806,64322
10806,64323
10806,64324
10807,14861
10807,7605
10807,35949
10808,46522
10808,45802
10808,46523
10808,45803
10808,46524
10808,46525
10808,46526
10808,46527
10809,50644
10809,50645
10810,37468
10810,33473
10810,33470
10810,33466
10810,33467
10811,43016
10811,43017
10811,43018
10812,26029
10813,60612
10813,60613
10814,52557
10815,50161
10815,50162
10815,50163
10815,36281
10816,64181
10816,64182
10816,64183
10817,6437
10818,56883
10818,56884
10819,55051
10819,15055
10819,195
10819,55052
10819,15056
10819,55053
10820,51203
10820,51204
10821,6472
10822,6491
10822,6492
10822,6493
10823,58812
10824,51061
10824,51062
10825,64596
10825,64597
10825,64598
10826,12199
10826,33439
10826,33805
10826,62476
10826,33804
10826,27016
10827,58678
10827,58679
10827,58680
10828,51789
10828,51790
10829,41914
10829,18033
10830,27308
10830,25423
10830,25425
10830,57919
10831,60184
10831,60185
10831,50092
10831,60186
10831,60187
10832,49271
10832,49272
10833,58994
10833,58995
10833,58996
10833,58997
10834,31033
10834,64748
10834,64749
10834,64750
10834,64751
10835,57564
10835,57565
10835,57566
10836,36675
10836,31262
10836,31261
10836,36676
10837,30469
10838,46267
10838,50546
10838,53100
10838,53101
10839,50069
10839,50070
10840,13050
10840,13049
10840,55837
10841,6768
10842,57914
10842,41083
10842,38073
10843,64452
10843,64453
10843,64454
10844,58052
10844,58053
10844,58054
10844,58055
10845,17036
10845,51577
10845,17032
10845,51578
10846,60785
10846,47987
10847,36466
10848,59927
10848,59928
10848,59929
10848,21511
10848,59930
10848,59931
10849,51336
10849,14951
10849,51337
10850,56468
10850,56469
10851,6853
10852,53519
10852,53520
10852,53521
10852,53522
10852,53523
10853,31855
10853,31856
10853,31857
10854,58813
10854,58814
10855,34724
10855,34725
10856,40341
10856,33283
10856,60828
10857,54843
10857,54844
10857,54845
10858,6946
10858,6947
10858,6948
10859,59108
10859,37643
10860,51714
10860,51715
10861,50964
10861,50965
10861,50966
10862,59863
10862,59864
10863,55803
10864,22628
10864,22629
10864,22630
10865,42208
10865,42209
10865,23003
10865,42210
10866,14772
10866,14773
10866,14774
10866,14775
10866,14776
10867,64525
10867,51199
10868,7084
10868,7085
10868,7086
10868,7087
10868,7088
10868,7089
10869,60672
10869,60673
10870,29663
10870,29664
10871,61187
10872,19838
10872,19839
10872,19840
10873,492
10873,55354
10873,55355
10873,55356
10874,51165
10874,51166
10875,7203
10876,49153
10876,26677
10877,50322
10877,50323
10877,50324
10878,53338
10879,15683
10879,15684
10879,15685
10879,15686
10880,7217
10880,7218
10881,64551
10881,64552
10881,20861
10881,15835
10881,64553
10882,2790
10883,61342
10883,61343
10884,19406
10884,19407
10884,1097
10885,64635
10885,61006
10885,64636
10886,7286
10886,7287
10887,63321
10888,54226
10888,54227
10888,54228
10888,54229
10889,58537
10889,58538
10889,10561
10889,58539
10889,58540
10889,58541
10889,58542
10889,58543
10890,54499
10890,18398
10891,52418
10891,52419
10891,52420
10892,31629
10892,31630
10892,31631
10893,38104
10894,39949
10894,39950
10894,39951
10894,19309
10895,55850
10895,55851
10895,55852
10895,55853
10895,55854
10895,55855
10895,55856
10895,55857
10895,55858
10896,62322
10896,25643
10896,62323
10897,7390
10897,7391
10898,62305
10898,62306
10898,62307
10898,62308
10898,62309
10899,41092
10899,41093
10899,10499
10900,42003
10900,42004
10900,13199
10900,3761
10900,42005
10900,11706
10900,42006
10900,42007
10900,42008
10900,42009
10900,42010
10900,42011
10900,42012
10900,583
10901,47128
10901,47129
10901,5566
10902,11846
10902,11847
10903,7485
10903,7486
10903,7487
10903,7488
10904,27603
10904,61610
10904,61611
10904,61612
10904,61613
10905,64144
10905,64145
10905,39700
10905,64146
10906,49937
10906,49938
10906,34956
10906,49939
10907,53544
10907,53545
10908,52276
10909,20700
10909,2709
10909,48621
10910,58317
10911,63358
10911,63359
10911,63360
10912,14232
10912,14233
10912,14234
10913,59412
10913,59413
10913,59414
10913,59415
10914,53946
10914,53947
10914,53948
10914,25617
10915,47769
10915,47770
10915,47771
10915,7503
10916,62468
10916,62469
10917,42422
10917,34343
10918,13011
10918,13012
10919,58726
10919,58727
10919,58728
10920,14015
10920,14016
10921,61720
10922,7696
10922,46089
10922,46090
10923,62728
10923,10802
10924,62238
10924,62239
10924,62240
10925,50491
10925,50492
10925,50493
10925,50494
10926,53556
10927,64558
10927,64559
10928,46908
10928,46909
10929,59927
10929,64142
10930,54170
10930,54171
10930,54172
10931,63954
10931,63955
10931,63956
10932,59304
10932,59305
10932,59306
10933,59661
10933,59662
10933,59663
10933,59664
10933,59665
10934,26033
10934,26034
10934,7228
10935,47801
10935,47802
10935,47803
10935,47804
10936,27365
10936,57877
10936,55942
10937,63374
10938,7892
10938,7893
10938,7894
10938,7895
10939,63937
10940,19162
10940,19163
10940,19164
10941,64136
10941,64137
10941,14468
10941,64138
10941,14467
10942,7952
10942,7953
10942,7954
10943,7980
10943,7981
10944,63384
10945,62025
10945,62026
10946,52350
10947,41727
10948,53111
10948,53112
10948,53113
10949,64211
10950,62313
10950,62314
10951,58702
10951,58703
10951,58704
10952,63294
10952,63295
10952,1710
10953,23019
10953,23020
10953,21321
10954,8125
10955,58309
10955,21393
10955,58310
10956,55969
10956,22246
10957,62416
10957,62417
10957,62418
10958,62761
10958,62762
10958,62763
10958,62764
10958,62765
10958,62766
10959,47033
10959,47034
10959,47035
10959,47036
10960,60199
10960,54190
10961,60996
10962,8212
10962,3466
10962,8213
10962,8214
10963,59073
10964,8602
10964,8603
10964,8604
10965,47068
10965,47069
10965,47070
10965,47071
10965,47072
10966,8333
10966,55834
10966,55835
10966,55836
10967,47509
10967,47510
10967,47511
10967,47512
10968,63733
10969,56798
10969,56799
10969,2246
10970,49511
10970,49512
10970,4141
10970,23041
10971,32381
10971,32382
10971,32383
10971,32384
10971,32385
10971,32386
10971,32387
10971,32388
10972,58712
10972,58713
10972,26043
10972,26045
10973,8349
10973,8350
10973,8351
10973,8352
10974,8381
10974,8382
10974,8383
10975,61236
10975,61237
10975,61238
10976,52146
10976,52147
10976,52148
10977,8416
10977,8417
10977,8418
10977,8419
10977,8420
10978,61062
10978,61063
10978,61064
10979,39747
10979,21255
10979,21254
10979,21257
10979,39588
10980,50626
10980,50627
10980,50628
10980,50629
10981,8486
10981,8487
10982,51966
10982,51967
10983,8543
10983,8544
10984,59011
10984,62695
10984,22271
10985,63697
10985,2591
10985,63698
10986,18390
10986,18389
10986,44693
10986,44694
10987,52172
10987,52173
10988,59444
10988,59445
10989,54266
10989,54267
10989,39906
10989,12481
10990,63838
10990,48610
10990,63839
10991,47408
10991,47409
10991,47410
10991,40681
10992,12744
10992,60319
10992,60320
10992,12746
10993,44599
10993,16775
10993,44600
10993,44601
10994,50593
10994,50594
10994,50595
10994,50596
10995,8727
10995,8728
10995,8729
10995,1138
10996,45744
10996,45745
10996,9785
10997,54941
10997,54942
10997,27452
10998,59975
10999,47805
10999,47806
11000,47153
11001,47255
11001,47256
11001,47257
11001,19352
11002,53188
11002,53189
11002,53190
11003,8780
11003,8781
11003,8782
11003,8783
11004,8784
11004,8785
11004,8786
11004,8787
11004,8788
11005,44475
11005,44476
11006,54431
11006,54432
11006,54433
11007,59697
11007,59698
11007,59699
11007,59700
11007,59701
11007,59702
11008,8832
11008,8833
11008,8834
11008,8835
11008,3631
11009,33499
11010,64024
11010,64025
11010,24991
11011,8850
11011,8851
11012,23402
11012,23403
11012,47477
11012,47478
11012,47479
11013,52676
11013,52677
11013,52678
11013,52679
11013,52680
11013,31266
11013,52681
11014,63554
11014,63555
11015,22644
11015,22645
11015,22646
11015,22647
11015,22648
11016,61306
11016,16365
11017,61844
11017,61845
11017,61846
11018,8992
11018,8993
11019,63883
11019,63884
11020,9043
11020,9042
11021,57016
11021,57017
11021,57018
11022,35101
11022,40800
11023,56018
11023,56019
11023,56020
11024,61147
11024,1450
11024,61148
11024,38386
11025,61803
11026,62470
11027,63392
11027,63393
11028,54046
11028,1806
11029,64466
11029,64467
11030,59185
11030,59186
11030,59187
11030,54446
11031,9232
11031,9233
11031,9234
11031,9235
11032,48595
11032,2480
11032,48596
11033,63947
11033,63948
11034,40577
11034,40578
11035,62833
11036,51262
11036,51263
11036,51264
11037,62027
11038,63863
11038,16751
11039,14314
11039,14315
11039,14316
11039,14317
11039,14318
11039,14319
11040,63292
11040,63293
11041,63425
11041,63426
11041,63427
11042,60704
11042,60705
11042,60706
11043,9381
11043,9382
11044,55350
11045,63514
11045,19191
11046,54913
11047,59491
11047,59492
11047,59493
11047,37254
11048,63574
11048,63575
11048,63576
11049,61007
11049,10134
11050,61573
11050,61574
11051,46322
11051,46323
11052,61421
11052,61422
11052,13115
11053,45116
11053,45117
11053,45118
11054,58090
11054,58091
11054,58092
11054,58093
11054,58094
11054,58095
11054,58096
11054,58097
11055,57646
11055,57647
11055,57648
11056,45548
11057,60776
11057,60777
11057,60778
11057,60779
11057,60780
11057,60781
11058,9706
11058,9707
11058,7834
11058,9708
11059,48764
11059,62221
11060,9725
11060,9726
11060,9727
11061,54084
11061,20234
11061,8660
11061,50610
11062,63579
11062,63580
11062,63581
11062,63582
11062,63583
11063,58658
11064,46998
11064,28268
11065,56001
11065,56002
11065,56003
11066,53291
11066,53292
11067,56209
11067,15046
11067,56210
11067,56211
11068,26635
11068,45293
11068,45294
11069,47555
11069,47556
11070,49854
11070,49855
11071,63894
11072,25079
11072,59219
11072,5772
11072,59220
11073,53221
11073,53222
11073,53223
11074,53894
11074,53895
11074,53896
11074,53897
11074,53898
11074,53899
11074,53900
11075,64568
11075,64569
11075,64570
11075,64571
11076,10075
11076,10076
11076,10077
11077,48718
11077,48719
11077,58844
11077,58845
11078,60281
11079,48263
11079,48264
11080,54587
11080,8806
11081,47974
11081,47975
11082,22110
11083,47772
11083,47773
11083,47774
11084,64618
11084,64619
11084,64620
11085,58970
11085,58971
11086,51455
11086,51456
11086,51457
11086,51458
11086,51459
11086,51460
11086,51461
11087,58969
11088,28249
11088,28250
11089,10441
11089,10442
11089,10443
11089,10444
11089,10445
11090,61193
11091,41605
11092,10481
11092,10482
11093,60715
11093,60716
11093,19539
11094,62734
11094,62735
11095,10589
11095,10590
11095,10591
11096,64522
11096,64523
11096,64524
11097,56549
11097,56550
11097,56551
11098,46946
11099,28984
11099,2320
11099,28985
11100,21931
11100,13463
11100,62043
11100,13460
11100,62044
11100,13464
11101,58527
11101,58528
11102,32208
11102,58270
11102,58271
11103,28872
11103,28873
11104,55165
11104,55166
11105,63540
11106,32892
11106,32893
11107,61736
11107,54598
11107,61737
11107,61738
11108,63534
11108,63535
11108,17282
11108,63536
11109,5068
11109,47971
11109,47972
11109,47973
11110,62588
11110,62589
11110,62590
11110,48657
11110,62591
11111,58257
11111,58258
11111,58259
11112,9407
11112,9405
11112,5333
11113,52342
11113,52343
11113,52344
11113,52345
11114,57192
11114,49091
11114,57193
11114,57194
11115,11055
11115,11056
11115,11057
11115,2516
11115,11058
11115,11059
11115,11060
11116,63747
11116,63748
11116,63749
11116,63750
11117,61274
11117,61275
11117,61276
11118,58499
11118,58500
11118,58501
11119,52040
11119,52041
11119,52042
11120,780
11120,781
11121,47730
11121,47732
11122,63154
11122,63155
11122,46191
11123,61149
11123,1836
11123,61150
11123,61151
11124,55528
11124,55529
11125,14060
11125,14061
11125,14062
11126,29777
11126,29778
11127,64335
11127,64336
11127,64337
11128,58615
11128,58616
11128,58617
11128,58618
11129,47400
11129,47401
11129,47402
11130,54394
11130,54395
11131,61128
11131,10928
11131,61129
11132,58514
11132,64280
11132,64281
11132,9326
11133,63350
11133,63351
11134,24165
11135,30065
11135,43804
11135,52254
11135,43803
11135,52255
11135,3798
11135,30067
11135,30068
11136,11006
11136,14876
11136,10411
11137,11374
11137,11375
11137,11376
11138,63245
11138,63246
11138,63247
11139,64609
11140,60276
11140,60277
11140,60278
11141,11412
11141,11413
11141,11414
11142,11419
11142,1209
11142,11420
11142,11421
11143,11422
11143,11423
11144,50421
11144,50422
11144,50423
11144,50424
11145,63429
11145,63430
11145,63431
11145,63432
11146,45032
11146,45033
11147,58801
11148,11453
11149,33261
11150,63877
11150,63878
11150,63879
11151,64457
11151,64458
11151,64459
11152,64188
11152,64189
11152,64190
11152,64191
11152,64192
11153,60846
11153,49630
11153,44061
11153,5629
11154,47154
11155,59066
11155,59067
11155,59068
11155,59069
11155,31231
11156,53747
11156,53748
11156,53749
11157,36289
11157,36290
11157,36291
11158,52560
11159,62254
11159,39627
11159,39628
11159,39629
11160,59636
11160,59637
11161,64115
11161,64116
11161,64117
11161,64118
11161,64119
11161,64120
11162,61679
11162,55410
11163,62435
11163,62436
11163,51792
11163,62437
11163,62438
11163,62439
11163,62440
11163,62441
11163,62442
11163,62443
11163,62444
11163,62445
11163,62446
11163,62447
11163,62448
11163,62449
11163,62450
11164,43176
11164,43177
11164,3466
11165,41372
11165,41373
11165,41374
11166,58253
11166,58254
11166,20289
11167,60973
11168,53951
11168,53952
11169,60009
11169,60010
11169,60011
11170,64100
11170,64101
11170,64102
11170,64103
11170,64104
11171,54357
11171,54358
11171,32772
11171,54359
11172,51596
11172,51597
11172,51598
11173,51025
11173,51026
11173,51027
11174,53465
11174,53466
11175,5482
11175,14737
11176,52043
11176,52044
11176,515
11176,52045
11177,61488
11177,61489
11177,61490
11177,61491
11177,36231
11178,64606
11178,64607
11178,55688
11178,64608
11179,56053
11179,56054
11179,56055
11180,12001
11180,12002
11181,24952
11181,24953
11181,6437
11181,24954
11181,20267
11182,53603
11182,53604
11182,53429
11182,23891
11183,12059
11183,12060
11183,12061
11183,12062
11184,32820
11184,32821
11185,57684
11185,1097
11185,57685
11186,52067
11186,52068
11186,52069
11187,39504
11188,55939
11188,55940
11188,55941
11188,55942
11188,55943
11189,57570
11189,57571
11189,21735
11190,56607
11190,56608
11190,56609
11190,56610
11190,56611
11190,56612
11191,61184
11192,33445
11192,33446
11193,17796
11193,54545
11193,54546
11193,5416
11194,12255
11195,58569
11195,58570
11195,28253
11195,7833
11195,28256
11195,3296
11196,35276
11196,35277
11196,1203
11196,35278
11196,35279
11197,5949
11197,62834
11197,5948
11197,62835
11197,62836
11198,17574
11198,17575
11199,59728
11199,59729
11199,59730
11199,59731
11199,59732
11199,29658
11200,58735
11200,58736
11201,12371
11201,12372
11201,12373
11201,12374
11202,61911
11202,9380
11203,48424
11203,48425
11203,48426
11203,48427
11203,48428
11204,48490
11205,60258
11205,60259
11205,2043
11206,59800
11206,59801
11206,59802
11207,62189
11207,62190
11207,62191
11208,12528
11208,12529
11208,12530
11209,55521
11209,55522
11209,55523
11209,55524
11210,3911
11210,62336
11210,62337
11210,62338
11210,62339
11210,5907
11211,61607
11211,61608
11211,61609
11212,55128
11212,55129
11213,12588
11213,12589
11213,12590
11213,12591
11214,38238
11214,38239
11214,14959
11215,58510
11215,58511
11215,58512
11215,58513
11216,57442
11216,31004
11216,57443
11217,59116
11217,36478
11218,12723
11218,12724
11219,39528
11220,63108
11220,63109
11220,63110
11220,63111
11221,54225
11221,24656
11222,12743
11222,12744
11222,12745
11222,12746
11223,25753
11223,25754
11223,25339
11223,25755
11224,56723
11224,56724
11225,300
11225,301
11225,12798
11225,12799
11225,12800
11226,38598
11226,62405
11226,62406
11226,62407
11227,64668
11228,20044
11228,20045
11228,20046
11228,20047
11229,56639
11229,56640
11229,56641
11230,12941
11230,12942
11230,12943
11230,12944
11231,61944
11231,61945
11232,64462
11232,64463
11232,44278
11232,61715
11233,61815
11233,33439
11233,58439
11234,13037
11234,13038
11235,13049
11235,13050
11236,50537
11236,50538
11237,7112
11237,13098
11237,13099
11237,13100
11237,13101
11238,62408
11238,62409
11238,62410
11239,15682
11239,10927
11239,4569
11240,22669
11240,22670
11241,13160
11241,1740
11241,13161
11241,13162
11241,13163
11242,46587
11242,46588
11242,46589
11243,63603
11244,13230
11244,13231
11244,13232
11244,13233
11245,13256
11245,7765
11245,13257
11246,31690
11246,31691
11246,31692
11247,15508
11247,15509
11247,15510
11248,64488
11248,64489
11249,39877
11249,39878
11249,39879
11249,39880
11250,31142
11250,31143
11251,18729
11251,59642
11251,59643
11251,19306
11251,59644
11251,59645
11251,5453
11251,59646
11251,59647
11252,57545
11253,63873
11253,28453
11253,63874
11254,1427
11254,60309
11255,40592
11255,40593
11256,4441
11256,4442
11256,4443
11257,56833
11257,56834
11257,56835
11257,56836
11258,13416
11258,5835
11259,13429
11259,2830
11259,13430
11259,13431
11260,5235
11260,22158
11260,55349
11260,15604
11261,40547
11261,40548
11261,40549
11261,40550
11262,45769
11263,4784
11263,13539
11263,4785
11264,57936
11264,57937
11265,46646
11265,46647
11266,59212
11266,59213
11266,14731
11266,59214
11267,62518
11267,19561
11267,19562
11267,37142
11268,63482
11268,63483
11268,60234
11268,41563
11268,63484
11269,64069
11269,64070
11269,64071
11270,53396
11270,19883
11271,46861
11271,46862
11271,46863
11271,46864
11272,59568
11272,59569
11272,59570
11273,62501
11273,62502
11273,62503
11273,62504
11273,62505
11274,25727
11274,62804
11275,44364
11275,44365
11276,64610
11277,42368
11277,4847
11277,60280
11278,13836
11278,13837
11279,37091
11279,9350
11280,13859
11280,13860
11280,13861
11281,62754
11281,62755
11281,62756
11281,51129
11281,62757
11282,52050
11282,52051
11282,52052
11282,52053
11282,52054
11283,32900
11283,32901
11284,16098
11285,33432
11285,33433
11285,33434
11286,21738
11287,60626
11288,61480
11288,61481
11288,61482
11288,13751
11289,40413
11290,48091
11290,48092
11291,61840
11291,61841
11291,61842
11291,61843
11292,26467
11292,26468
11292,26469
11293,39651
11293,39652
11294,53214
11294,53215
11295,401
11295,62783
11295,62784
11296,59020
11296,59021
11296,5399
11296,59022
11296,5403
11297,41504
11297,29459
11297,58069
11297,403
11298,14413
11298,14414
11298,14415
11299,56027
11299,56028
11299,56029
11300,59251
11300,19208
11300,19210
11300,59252
11301,9862
11302,60825
11302,60826
11302,49199
11302,60827
11303,14520
11303,14521
11303,1957
11303,243
11304,26145
11304,24314
11304,26146
11305,62140
11305,18665
11305,62141
11305,62142
11306,14578
11306,14579
11306,14580
11306,14581
11307,14610
11307,14611
11307,14612
11308,55981
11308,55982
11308,29447
11309,54592
11309,54593
11309,50589
11309,54594
11310,53672
11310,53673
11310,53674
11310,53675
11310,50928
11310,53676
11311,28244
11311,47489
11311,48325
11312,13202
11313,64168
11313,64169
11313,64170
11314,50532
11315,46884
11315,46885
11315,46886
11316,62157
11316,62158
11317,6623
11318,31051
11319,14877
11319,14878
11320,61020
11320,61021
11320,55426
11321,56354
11321,56355
11321,24141
11322,14950
11322,14951
11322,14952
11323,63166
11323,63167
11324,47344
11324,47345
11324,47346
11324,47347
11324,47348
11324,8003
11325,29878
11325,49567
11326,58400
11326,47803
11326,58401
11327,15071
11327,15072
11328,62328
11328,62329
11328,62330
11328,4760
11328,62331
11328,17683
11329,62915
11329,62916
11330,38334
11330,38335
11330,25944
11331,24225
11331,24226
11331,24227
11331,24228
11331,24229
11332,28524
11332,28525
11333,56718
11333,56719
11333,56720
11333,11571
11333,56721
11333,56722
11334,15413
11335,52046
11335,20778
11335,52047
11335,52048
11336,46637
11336,46638
11336,29471
11336,3814
11336,46639
11337,36338
11337,36339
11338,59367
11338,59368
11339,15487
11339,15488
11339,15489
11340,15546
11340,15547
11340,15548
11340,15549
11340,15550
11340,15551
11340,15552
11341,15654
11341,15562
11341,15655
11341,15656
11342,33823
11342,62622
11342,33824
11342,62623
11343,45093
11343,45094
11343,45095
11344,15698
11344,15699
11344,15700
11344,15701
11345,61166
11346,56455
11346,56456
11346,56457
11346,56458
11347,48234
11347,21915
11347,6226
11348,54691
11348,54692
11348,54693
11349,15880
11349,15881
11349,15882
11349,6178
11350,15888
11350,15889
11350,15890
11351,58664
11351,58665
11351,43497
11351,58666
11351,58667
11352,44758
11353,53351
11353,19941
11353,53352
11353,53353
11354,64207
11354,64208
11355,16015
11355,16016
11356,16020
11356,16021
11357,44146
11357,44147
11357,11262
11358,52892
11358,52893
11358,52894
11358,52895
11358,52896
11359,62802
11359,62803
11360,31580
11361,13178
11362,16181
11362,21088
11363,16402
11363,64250
11364,975
11365,57239
11365,57240
11365,57241
11365,33541
11366,16270
11366,16271
11366,16272
11366,16273
11367,56023
11367,56024
11368,42849
11369,62772
11369,62773
11370,64658
11370,64659
11371,16322
11371,16323
11372,62478
11373,16364
11373,16365
11374,18341
11374,18342
11374,18343
11375,16497
11375,16498
11375,16499
11376,16500
11376,16501
11376,16502
11377,63928
11378,54581
11379,16516
11379,16517
11380,16537
11380,14073
11381,15019
11381,16564
11382,16600
11383,64364
11383,64365
11384,64698
11384,64699
11384,64700
11384,64701
11385,16714
11385,16715
11385,16716
11386,16727
11387,178
11387,61711
11387,61712
11387,36558
11387,49917
11388,49261
11388,29229
11389,16859
11389,16860
11389,14281
11390,52819
11391,47304
11391,46024
11392,50204
11392,7645
11392,22571
11393,62549
11393,62550
11393,62551
11394,58654
11394,10072
11394,58655
11394,58656
11394,58657
11395,59819
11395,59820
11395,59821
11396,56642
11397,60046
11397,60047
11397,60048
11398,64538
11398,64539
11399,54250
11400,39748
11400,39749
11401,17059
11401,17060
11401,17061
11402,13614
11402,55427
11403,60333
11403,3878
11404,29070
11404,29071
11404,10104
11404,29072
11404,29073
11405,38821
11406,62736
11406,62737
11406,62738
11407,49763
11407,49764
11407,49765
11407,49766
11407,49767
11407,49768
11407,49769
11407,46034
11407,49770
11408,17174
11409,17010
11410,35088
11410,35089
11410,35090
11410,35091
11410,35092
11411,54968
11411,54969
11411,54970
11412,17220
11412,1835
11413,17221
11413,17222
11413,17223
11414,45208
11414,36746
11415,3733
11416,62846
11416,62847
11416,62848
11416,62849
11416,34875
11417,41394
11417,41395
11418,39609
11418,39610
11419,17461
11419,17462
11419,17463
11420,20964
11420,53847
11420,53848
11420,53849
11420,53850
11420,53851
11421,17507
11422,64536
11422,37800
11423,59194
11423,59195
11423,59196
11423,59197
11423,59198
11423,59199
11423,59200
11424,17523
11425,17561
11425,17562
11426,53419
11427,63538
11427,49864
11427,63539
11428,31038
11428,31039
11428,31040
11428,31041
11429,55099
11429,55100
11430,50443
11430,50444
11430,50445
11430,50446
11430,26789
11431,54947
11431,54948
11431,4452
11431,54949
11431,54950
11432,1233
11432,60527
11433,63410
11433,63411
11433,63412
11433,34246
11434,45516
11434,514
11435,32671
11435,32672
11436,62939
11436,62940
11436,62941
11437,60450
11437,60451
11438,44829
11438,44830
11439,60037
11439,14847
11439,60038
11439,60039
11440,63944
11440,63945
11440,63946
11441,11394
11441,62066
11441,62067
11442,17992
11442,17993
11442,17994
11442,10879
11443,61391
11443,61392
11444,26428
11444,19744
11444,26429
11444,26430
11444,91
11445,50021
11445,50520
11445,50521
11445,41737
11445,41738
11445,50522
11446,60178
11446,60179
11447,59961
11447,59962
11447,59963
11447,59964
11447,59965
11448,52174
11448,13654
11448,52175
11448,52176
11449,61016
11450,34867
11451,18162
11451,18163
11451,18164
11451,18165
11452,54424
11453,25414
11454,8431
11454,59222
11454,8885
11454,58438
11454,59223
11454,59224
11455,18274
11455,18275
11455,12704
11456,41689
11456,41690
11456,41691
11456,41692
11456,41693
11456,41694
11457,18300
11457,18301
11457,18302
11457,18303
11457,18304
11457,18305
11458,18368
11458,18369
11459,13047
11459,13048
11460,62829
11460,62830
11461,57326
11461,57327
11461,57328
11462,33249
11462,40248
11463,12436
11463,19393
11463,64283
11463,64284
11463,64285
11463,64286
11463,57577
11464,48895
11464,48896
11465,64048
11465,32497
11466,18585
11466,18586
11466,18587
11467,27751
11467,27752
11467,27753
11467,27754
11468,34330
11469,18608
11469,7538
11469,18609
11469,18610
11469,1155
11469,18611
11469,18612
11470,22857
11470,22858
11471,49564
11471,49565
11471,49566
11472,18729
11472,18730
11472,5453
11473,56462
11473,35743
11474,61586
11474,18756
11474,61587
11475,5780
11475,18180
11476,42881
11476,42882
11477,58482
11477,58483
11477,10552
11477,58484
11477,58485
11477,58486
11478,54016
11478,54017
11478,54018
11479,57334
11479,57335
11480,62340
11480,62341
11481,24270
11481,24271
11482,54216
11482,54217
11483,51640
11483,51641
11483,51642
11483,51643
11484,52070
11484,52071
11484,52072
11484,52073
11484,52074
11484,52075
11484,52076
11484,52077
11484,52078
11484,45819
11485,36038
11485,36039
11486,20720
11486,20721
11486,20722
11486,20723
11487,31005
11487,31006
11488,19081
11488,19082
11489,19171
11489,19172
11489,19173
11489,19174
11489,4866
11490,43944
11490,43945
11490,43946
11490,43947
11491,56672
11492,61556
11492,61557
11492,61558
11492,61559
11492,61560
11493,53266
11493,34470
11493,3015
11493,738
11493,53267
11493,53268
11493,53269
11494,61025
11494,61026
11495,19334
11495,19335
11495,19336
11496,61430
11496,61431
11496,42857
11497,19368
11497,19369
11497,19370
11498,19380
11498,19381
11498,19382
11498,19383
11499,4233
11499,64242
11499,64243
11499,4231
11500,46830
11500,46831
11500,46832
11500,46833
11500,46834
11500,24098
11500,46835
11501,23866
11501,55027
11501,55028
11502,32653
11503,64575
11504,61583
11504,61584
11504,61585
11504,49909
11505,19522
11505,19523
11506,19548
11506,19549
11506,19550
11507,59816
11507,59817
11507,59818
11508,51945
11508,51946
11508,51947
11508,51948
11509,48180
11509,48181
11509,48182
11509,48183
11510,19638
11510,19639
11511,52717
11511,35749
11512,62865
11512,62866
11512,47037
11513,42695
11513,42696
11513,42697
11514,62229
11514,62230
11514,62231
11514,62232
11514,62233
11514,62234
11514,62235
11514,17329
11515,62077
11515,62078
11516,19942
11516,19943
11516,19944
11516,19945
11516,19946
11516,19947
11516,19948
11516,19949
11517,55044
11517,55045
11517,55046
11517,55047
11517,19272
11518,54063
11519,33634
11519,33635
11520,9822
11520,58918
11520,9824
11521,56264
11521,56265
11522,43931
11522,63377
11522,63378
11523,20085
11523,58030
11524,20097
11524,20098
11525,32176
11526,20201
11526,20202
11526,20203
11526,20204
11526,20205
11526,20206
11527,28217
11527,28218
11528,20256
11528,20257
11529,20263
11529,20264
11529,20265
11530,20266
11530,20267
11531,20281
11531,20282
11532,51293
11532,51294
11533,235
11533,35776
11534,54166
11534,43528
11535,62850
11535,62851
11536,63448
11536,46990
11537,44112
11537,44113
11537,44114
11537,24582
11537,44115
11538,46629
11539,20606
11539,60028
11539,60029
11539,20322
11539,60030
11539,60031
11540,64648
11540,64649
11540,64650
11541,7013
11541,47854
11541,6364
11541,6365
11542,50240
11542,22197
11542,22193
11542,22195
11542,22196
11542,22198
11543,20782
11543,20783
11543,20784
11543,15542
11544,60058
11544,60059
11544,60060
11544,60061
11544,60062
11544,60063
11544,60064
11544,60065
11544,60066
11544,60067
11545,63189
11545,63190
11546,64534
11546,38106
11547,54311
11547,54312
11548,37760
11548,37761
11548,14172
11549,61227
11549,50226
11550,43098
11551,20934
11551,20935
11551,20936
11551,20937
11552,33179
11552,33180
11553,51167
11553,51168
11553,51169
11554,6026
11554,33731
11554,33732
11555,21121
11555,21122
11555,13046
11556,45038
11556,45039
11556,45040
11557,54885
11557,54886
11557,54887
11558,11551
11558,11553
11558,11554
11559,40260
11559,11335
11559,12668
11560,10552
11560,64123
11560,64124
11560,64125
11560,64126
11561,46007
11561,46008
11561,46009
11562,62535
11562,62536
11563,63374
11564,56604
11564,11191
11565,58502
11565,58503
11565,58504
11565,58505
11566,21472
11566,21473
11566,20512
11567,62646
11567,62647
11567,62648
11567,62649
11568,21554
11568,21555
11568,21556
11568,21557
11569,41734
11569,41735
11570,21732
11570,21733
11571,63819
11572,36575
11572,36576
11572,36577
11573,33573
11573,33574
11573,33575
11573,33576
11574,54867
11574,54868
11575,21787
11575,21788
11575,21789
11575,21790
11575,21791
11576,33284
11576,33285
11577,21839
11577,21840
11577,13769
11578,24209
11578,22326
11578,50847
11579,62571
11579,20764
11579,19831
11579,62572
11579,62573
11580,39756
11580,39757
11580,39758
11581,56714
11581,56715
11582,54865
11582,54866
11583,6146
11583,22040
11583,22041
11584,22620
11584,22621
11584,22622
11585,38159
11585,15497
11586,22193
11586,22194
11586,22195
11586,22196
11586,22197
11586,22198
11587,38336
11587,38337
11588,50114
11588,50115
11588,50116
11589,39261
11589,39262
11590,62273
11590,62274
11591,59978
11591,57959
11592,57336
11592,57337
11592,57338
11592,57339
11592,57340
11592,57341
11592,57342
11592,57343
11593,51228
11593,58536
11593,5258
11594,60950
11594,60951
11594,60952
11594,22651
11594,22652
11595,55797
11596,43978
11597,60073
11597,55814
11597,6723
11598,56318
11598,56319
11598,56320
11599,41031
11599,41032
11600,22637
11600,22638
11600,11497
11601,59537
11602,42911
11603,61419
11603,61420
11604,61127
11604,41977
11605,52225
11605,8361
11605,56926
11606,8668
11606,62676
11606,62677
11607,22799
11607,22800
11607,10134
11608,55599
11608,55600
11609,61957
11609,34246
11610,22849
11610,22850
11611,48760
11611,48761
11611,48762
11611,48763
11611,48764
11612,61312
11612,61313
11612,61314
11613,49500
11613,49501
11613,30577
11614,44833
11614,42375
11615,62522
11615,62523
11615,62524
11616,23208
11616,23209
11616,23210
11616,23211
11616,23212
11617,61432
11617,61433
11617,30481
11617,25137
11618,45633
11618,45634
11619,64565
11619,64566
11619,64567
11620,48829
11620,30702
11620,48830
11621,55141
11621,55142
11621,55143
11621,55144
11621,55145
11622,34146
11622,34147
11623,60644
11623,60645
11623,60646
11623,60647
11624,55416
11624,55417
11624,55418
11625,38796
11625,38797
11626,19688
11626,19689
11626,19691
11627,56349
11628,23699
11629,57652
11629,57653
11629,57654
11629,57655
11630,23724
11630,23725
11630,23726
11630,23727
11631,44570
11631,44571
11632,34377
11633,62650
11634,55962
11634,55963
11634,55964
11635,24081
11635,24082
11635,24083
11636,24161
11636,24162
11636,24163
11636,24164
11637,57230
11637,57231
11637,57232
11637,57233
11638,63912
11638,63913
11638,63914
11638,63915
11639,24272
11639,24273
11639,24274
11640,32773
11640,7610
11641,54025
11642,24291
11642,24292
11643,51874
11643,51875
11643,16863
11644,24301
11644,24302
11644,24303
11644,24304
11644,24305
11644,24306
11644,24307
11644,24308
11644,4579
11644,24309
11644,24310
11644,24311
11644,24312
11644,19248
11645,24313
11645,24314
11645,24315
11646,24354
11646,24355
11647,61234
11647,61235
11647,21782
11648,25059
11648,25060
11649,64275
11649,10594
11649,64276
11649,64277
11649,64278
11649,64279
11650,930
11651,46720
11651,15956
11652,63888
11652,63889
11652,63890
11652,63891
11652,63892
11652,63893
11653,40300
11653,5904
11653,5607
11653,40301
11653,5907
11654,24728
11654,24729
11654,24730
11655,40590
11655,40591
11656,52550
11656,52551
11656,52552
11656,52553
11656,24787
11657,53349
11657,53350
11658,55778
11659,24887
11659,24888
11660,46169
11660,46170
11660,46171
11660,46172
11660,46173
11661,28948
11661,29908
11662,59279
11662,59280
11662,59281
11662,59282
11663,58868
11663,58869
11663,58870
11663,58871
11664,60469
11664,60470
11664,60471
11664,60472
11664,60473
11664,15616
11665,56229
11665,56230
11665,56231
11665,56232
11665,56233
11666,25095
11666,25096
11666,25097
11666,25098
11666,25099
11667,64424
11667,64425
11667,64426
11667,64427
11667,64428
11667,64429
11668,25166
11668,25167
11669,5469
11669,50710
11670,52030
11670,52031
11670,52032
11670,52033
11671,25369
11671,25370
11671,25371
11672,56480
11672,56481
11672,56482
11673,25463
11673,25464
11673,25465
11673,25466
11673,25467
11673,25468
11674,43666
11674,36602
11674,39285
11675,25578
11675,25579
11675,25580
11675,25581
11676,50754
11676,50755
11676,29048
11677,25618
11677,25619
11677,25620
11678,25644
11678,25645
11678,25646
11678,25647
11679,64603
11679,64604
11679,26137
11679,64605
11680,30827
11680,19793
11681,29107
11681,29108
11681,29109
11681,29110
11682,20786
11683,59859
11683,10998
11683,21279
11684,25777
11684,25778
11685,25824
11685,25825
11686,40045
11686,40046
11687,52477
11688,35480
11689,54085
11689,54086
11689,54087
11689,36921
11690,52368
11690,52369
11690,52370
11690,52371
11690,52372
11691,38555
11691,38556
11691,38557
11692,58452
11692,58453
11692,58454
11692,58455
11692,58456
11693,26195
11693,26196
11694,26198
11694,26199
11694,26200
11694,26201
11694,26036
11694,26202
11694,26203
11694,26204
11695,26216
11695,26217
11696,63616
11696,63617
11696,63618
11697,995
11698,26258
11698,26259
11699,31454
11699,31455
11699,31456
11699,31457
11699,31458
11700,64560
11700,64561
11700,64562
11701,64186
11701,64187
11701,51137
11702,56215
11702,56216
11702,56217
11702,56218
11702,56219
11702,56220
11702,56221
11702,56222
11702,56223
11703,37464
11703,37465
11703,40703
11703,23206
11704,26501
11704,26502
11704,14468
11705,5643
11705,5641
11706,26606
11706,26607
11707,26635
11707,26636
11707,26637
11708,63456
11708,63457
11709,26648
11709,26649
11709,26650
11709,26651
11710,54626
11710,5375
11711,26728
11711,26729
11711,26730
11711,26731
11712,5464
11712,39166
11712,39167
11713,26875
11713,26876
11713,26877
11713,26878
11713,26879
11713,26880
11714,44533
11714,30757
11714,62574
11715,62868
11715,62869
11715,62870
11716,60721
11716,60722
11716,60723
11717,52739
11717,52740
11717,52741
11717,52742
11718,58129
11718,58130
11718,58131
11718,58132
11719,46736
11719,30820
11719,9169
11719,9167
11719,46737
11719,46738
11720,13200
11720,62966
11721,49934
11721,49935
11721,49936
11722,22256
11722,59908
11723,60508
11723,60509
11723,60510
11724,27082
11724,27083
11725,27084
11725,27085
11725,27086
11726,41867
11726,41868
11727,29872
11727,20382
11727,26772
11727,29873
11728,46795
11729,62520
11729,50711
11729,62521
11729,50712
11730,53310
11730,53311
11730,53312
11730,53313
11731,55595
11731,55596
11731,55597
11732,27298
11732,27299
11732,27300
11733,50228
11733,40458
11733,27404
11734,27405
11735,61090
11735,61091
11736,59217
11736,59218
11736,10953
11737,27531
11738,44071
11738,44072
11738,44073
11739,53920
11739,53921
11739,53922
11740,27601
11740,27602
11740,27603
11741,5741
11741,27653
11742,14519
11742,27674
11742,27675
11743,35822
11743,35823
11743,35824
11744,43837
11744,43838
11744,14072
11745,46699
11745,15814
11746,50567
11746,50568
11746,12444
11746,50569
11747,60974
11747,60975
11747,60976
11747,60977
11747,21006
11747,16701
11747,60978
11747,60979
11747,43931
11747,16700
11748,25615
11748,27789
11748,16927
11748,1957
11748,27790
11749,32354
11749,32355
11749,32356
11750,59990
11750,38790
11751,58268
11751,58269
11751,10921
11752,19280
11752,62394
11753,47106
11753,47107
11754,28236
11754,28237
11755,55279
11755,55280
11755,29467
11755,2737
11755,29468
11755,29469
11756,53296
11756,34591
11757,64684
11757,31137
11757,64685
11758,919
11758,28370
11758,3065
11759,64162
11759,58666
11760,28409
11761,58691
11761,54461
11761,58692
11761,58693
11761,58694
11762,55464
11762,55465
11762,55466
11763,59691
11763,59692
11763,1428
11763,59693
11764,11441
11764,11442
11765,37851
11765,38092
11765,38093
11765,38094
11765,38095
11766,42020
11766,42021
11766,42022
11766,42023
11767,28610
11767,28611
11768,28617
11768,28618
11768,28619
11769,28712
11769,28713
11770,55950
11770,55951
11770,55952
11770,55953
11771,55485
11771,55486
11772,22653
11773,28931
11774,28960
11774,28961
11774,28962
11774,28963
11774,28964
11774,28965
11774,28966
11775,28988
11775,26952
11775,26954
11776,29051
11776,29052
11776,29053
11777,12705
11777,51492
11777,63967
11778,29092
11778,29093
11778,29094
11778,14337
11779,29103
11779,29104
11780,49462
11780,49463
11780,49464
11780,49465
11780,49466
11780,12759
11781,35853
11782,29223
11782,29224
11783,29228
11783,29229
11783,29230
11783,29231
11784,29266
11784,29267
11784,29268
11784,29269
11785,35212
11785,35213
11786,53427
11786,53428
11786,53429
11787,63679
11787,63680
11788,61521
11789,49377
11789,49378
11790,50201
11790,50202
11790,50203
11791,51236
11792,62689
11792,62690
11792,62691
11792,62692
11792,62693
11793,10403
11793,29368
11793,29369
11794,26967
11795,29429
11795,29430
11795,29431
11795,29432
11796,55845
11796,55846
11796,55847
11796,55848
11797,29536
11797,29537
11797,29538
11797,29539
11797,12751
11798,52202
11798,52203
11798,52204
11798,52205
11799,60859
11799,60860
11800,29610
11800,29611
11800,5463
11800,19232
11801,53931
11801,53932
11802,29672
11802,29673
11802,29674
11802,29675
11802,29676
11802,3945
11803,50276
11804,62984
11804,62985
11804,13900
11804,62986
11805,37390
11805,37391
11805,7114
11806,44386
11806,64374
11806,3595
11806,5126
11807,21229
11807,29755
11807,21243
11808,56762
11809,29953
11810,29976
11810,29977
11811,48960
11811,48961
11811,48962
11812,62374
11812,21692
11812,21691
11812,21694
11812,62375
11812,62376
11813,30125
11813,30126
11814,49869
11814,49870
11815,62159
11815,62160
11816,30232
11816,30233
11816,30234
11816,30235
11817,63310
11817,63311
11817,63312
11817,63313
11818,19271
11818,19272
11819,30339
11820,45295
11820,45296
11821,51671
11821,53155
11822,57964
11822,57965
11822,57966
11823,38002
11823,59790
11824,59924
11824,59925
11824,59926
11825,26596
11826,30636
11826,30637
11826,30638
11827,30721
11827,30722
11827,30723
11827,30724
11827,30725
11827,30726
11828,30801
11828,11622
11828,30802
11829,30803
11829,30804
11830,30824
11830,30825
11830,30826
11831,30831
11832,57003
11833,31067
11833,31068
11833,31069
11834,48042
11834,11237
11835,32570
11836,31254
11836,31255
11836,31256
11837,31319
11837,31320
11838,31379
11839,59205
11839,59206
11839,59207
11839,59208
11839,59209
11840,31472
11840,31473
11841,50868
11841,50869
11842,31625
11842,31626
11842,31627
11843,52934
11843,1956
11844,31770
11844,31771
11844,31772
11845,45101
11845,63437
11845,63438
11846,31995
11846,21972
11847,44906
11847,43332
11848,44897
11849,40624
11849,40625
11850,18193
11850,46614
11851,39214
11851,40003
11851,17875
11852,55470
11852,55471
11853,60316
11853,60317
11853,60318
11854,48190
11854,48191
11855,32348
11855,32349
11855,32350
11856,32513
11857,32597
11857,32598
11857,32599
11857,32600
11857,32601
11857,27064
11857,32602
11857,32603
11858,49576
11858,49577
11859,32716
11859,32717
11859,32718
11860,47004
11860,47005
11860,47006
11860,614
11860,47007
11860,47008
11861,32826
11861,32827
11861,32828
11861,32829
11861,32830
11861,32831
11861,32832
11861,32833
11861,32834
11861,32835
11862,32854
11862,32855
11862,32856
11863,32941
11863,32942
11863,32943
11864,32958
11864,31350
11864,32130
11865,50706
11865,50707
11866,33023
11867,58807
11867,58808
11867,58809
11868,22551
11868,33102
11869,36594
11869,32266
11870,33119
11870,22674
11870,33120
11870,33121
11870,33122
11871,33128
11871,33129
11872,13255
11872,33289
11872,33290
11873,33447
11874,47207
11874,47208
11874,47209
11875,60342
11875,60343
11876,62334
11876,62335
11877,36351
11877,36352
11877,36353
11878,33618
11879,23080
11879,23082
11879,33629
11879,33630
11879,33631
11879,11083
11880,52685
11880,52686
11880,52687
11881,44724
11882,57509
11882,29967
11882,57510
11882,29969
11883,33726
11883,33727
11884,57747
11884,57748
11884,57749
11885,33815
11885,33816
11885,33817
11885,33818
11886,33844
11886,33845
11886,30984
11887,62515
11887,62516
11887,55233
11888,5172
11888,62579
11889,34079
11889,34080
11890,34081
11890,34082
11890,22722
11890,34083
11891,21915
11892,36210
11892,36211
11892,36212
11892,36213
11892,36214
11892,36215
11893,34215
11893,34216
11893,34217
11893,34218
11894,57405
11894,57406
11895,34466
11895,9955
11895,20885
11896,34683
11896,34684
11897,58341
11897,12434
11898,34738
11899,47945
11899,47946
11900,63043
11900,63044
11900,63045
11901,34838
11901,34839
11901,34840
11901,6565
11902,48151
11902,48152
11902,48153
11902,12028
11903,30993
11904,36035
11905,52271
11905,52272
11905,41296
11906,35331
11906,48800
11906,48801
11906,48802
11907,35335
11907,35336
11907,35337
11908,35421
11908,35422
11909,35457
11909,35458
11909,35459
11910,35481
11910,35482
11911,35530
11911,35531
11911,22778
11911,35532
11912,35568
11912,740
11913,35721
11913,35722
11914,35788
11914,35789
11915,35910
11915,35911
11916,35924
11916,35925
11916,35926
11917,49841
11918,47426
11918,47427
11918,47428
11919,35993
11919,5473
11919,35994
11919,35995
11920,55793
11920,55794
11920,22432
11921,36044
11921,36045
11922,36119
11922,36120
11922,36121
11923,36160
11923,18222
11923,26262
11923,13573
11924,36220
11924,36221
11924,36222
11924,36223
11925,36296
11926,6385
11926,36335
11926,36336
11926,36337
11927,36354
11927,36355
11928,36418
11928,36419
11928,36420
11929,36443
11930,58551
11930,58552
11931,46607
11931,46608
11932,50314
11932,18024
11933,57875
11933,49547
11934,23691
11934,23692
11934,27832
11934,25405
11934,57154
11935,38380
11936,5164
11936,36763
11937,64767
11938,41665
11938,41666
11938,41667
11939,36903
11939,36904
11939,36905
11939,20338
11939,36906
11940,60238
11940,60239
11941,58365
11942,47755
11942,23167
11942,10075
11943,44389
11943,44390
11944,37291
11944,37292
11944,37293
11944,37294
11944,37295
11945,42553
11945,42554
11945,42555
11945,3175
11946,62488
11946,62489
11946,62490
11947,62668
11947,62669
11947,62670
11948,37559
11948,26259
11948,37560
11949,37600
11949,37601
11950,44930
11950,44931
11950,44932
11950,44933
11951,37724
11951,37725
11952,63241
11952,63242
11952,63243
11953,38017
11954,38064
11954,38065
11954,16849
11954,38066
11955,55676
11955,55677
11955,55678
11956,38160
11956,38161
11956,38162
11956,38163
11956,38164
11957,39976
11957,39977
11958,38358
11958,38359
11958,38360
11959,1450
11959,38386
11959,8419
11960,38455
11960,18081
11960,38456
11961,38477
11961,38478
11961,38479
11962,64309
11963,59997
11963,59998
11963,59999
11963,22629
11964,38589
11964,38590
11964,38591
11965,38592
11965,38593
11965,38594
11965,38595
11966,56333
11966,56334
11966,56335
11966,56336
11967,38608
11967,38609
11968,60253
11968,37023
11968,60254
11969,63979
11969,20314
11970,7295
11970,38737
11971,38830
11971,18585
11971,18587
11972,54069
11972,54070
11972,54071
11973,39188
11973,39189
11974,39224
11974,39225
11974,39226
11975,15603
11975,39481
11975,39482
11975,39483
11975,39484
11976,63588
11976,63589
11977,39581
11978,3386
11979,64006
11980,228
11980,27534
11981,39759
11981,39760
11982,39815
11982,39816
11982,39817
11982,39818
11982,39819
11982,39820
11982,39821
11983,51104
11983,51105
11983,51106
11983,51107
11983,51108
11983,51109
11983,51110
11983,51111
11983,51112
11983,51113
11983,51114
11983,51115
11984,42768
11985,47525
11986,40012
11987,40319
11987,40320
11987,29693
11987,16077
11988,40393
11988,40394
11989,45972
11989,45973
11989,45974
11989,45975
11990,22797
11990,45112
11990,33490
11990,45113
11990,45114
11991,45986
11991,45987
11991,45988
11991,45989
11991,21552
11992,49586
11992,49587
11993,55270
11993,55271
11993,55272
11993,38828
11993,55273
11994,61651
11995,45308
11995,45309
11996,40879
11996,40880
11997,40969
11998,40992
11998,19543
11999,53064
11999,53065
11999,53066
12000,41280
12000,41281
12001,52186
12001,52187
12001,52188
12001,52189
12002,41492
12003,54288
12003,54289
12003,45467
12003,32468
12004,41548
12004,41549
12005,37964
12006,49826
12007,8146
12007,41849
12007,41850
12007,41851
12008,40299
12008,27979
12008,41917
12009,41979
12009,41980
12010,57387
12010,57388
12010,57389
12011,42055
12011,42056
12012,42350
12012,42351
12012,42352
12013,43467
12013,63595
12013,63596
12013,43468
12014,42403
12014,42404
12015,42472
12015,42473
12016,63780
12016,63781
12016,63782
12017,30198
12018,42564
12018,1758
12018,8977
12018,42565
12018,25633
12019,42604
12019,42605
12019,42606
12019,42607
12020,27320
12020,42652
12020,42653
12020,42654
12021,42795
12021,42796
12021,42797
12021,42798
12022,58212
12023,42893
12024,47411
12025,60751
12025,60752
12025,60753
12026,42968
12026,42969
12026,42970
12026,42971
12027,42995
12027,42996
12027,42997
12027,42998
12027,42999
12028,43102
12028,43103
12028,43104
12029,59256
12029,59257
12030,43326
12030,43327
12030,43328
12030,43329
12031,48582
12031,48583
12032,43502
12032,43503
12032,43504
12032,43505
12032,43506
12032,43507
12032,43508
12032,43509
12032,37410
12032,43510
12032,43511
12032,43512
12032,43513
12032,43514
12033,43529
12033,43530
12034,43541
12035,47736
12035,47737
12035,47738
12035,47739
12036,43572
12036,43573
12037,54864
12038,43817
12039,53462
12039,53463
12039,53464
12039,28458
12040,21804
12040,53209
12040,46129
12041,45315
12041,45316
12042,54344
12043,44165
12043,44166
12043,44167
12043,44168
12043,44169
12043,43972
12043,44170
12043,44171
12043,44172
12044,44257
12044,34661
12044,44258
12044,44259
12044,44260
12044,44261
12045,44410
12046,44618
12046,44619
12047,26478
12047,58850
12047,11285
12047,12707
12047,24815
12048,59865
12048,59866
12048,59867
12048,59868
12048,59869
12049,54112
12049,5927
12049,54113
12050,56010
12050,56011
12050,485
12051,44356
12051,44355
12051,44357
12051,44966
12052,44992
12052,44993
12052,44994
12053,33460
12053,14482
12053,16923
12053,33462
12054,56921
12055,45417
12055,45418
12056,45752
12056,31231
12056,45753
12056,45754
12057,45827
12057,45828
12057,45829
12058,58301
12059,45980
12059,45981
12060,57407
12060,57408
12060,57409
12061,55791
12061,55792
12061,35488
12062,46210
12062,46211
12062,46212
12062,46213
12063,46222
12063,2056
12064,59232
12065,46289
12065,30132
12066,46371
12066,46372
12066,33368
12066,46373
12067,48821
12067,41641
12068,21804
12068,21805
12068,46508
12068,21806
12068,21807
12069,9730
12069,28631
12070,46557
12070,46558
12071,46628
12072,49133
12073,46660
12073,46661
12073,46662
12074,46857
12074,46858
12075,46901
12075,46902
12075,46903
12076,46979
12076,46980
12076,25775
12076,25776
12077,62923
12077,62924
12077,62925
12078,22787
12078,22788
12078,54898
12079,47182
12079,47183
12080,47201
12080,47202
12080,47203
12081,47214
12081,47215
12081,47216
12082,22032
12082,63485
12083,47342
12083,47343
12084,18653
12084,47412
12084,47413
12084,47414
12085,47483
12085,47484
12086,47503
12086,47504
12086,47505
12087,47616
12087,47617
12088,7613
12088,47687
12089,35846
12089,55269
12090,47741
12090,47742
12091,47765
12091,47766
12091,47767
12091,47768
12092,63505
12093,48661
12094,11237
12094,48041
12094,48042
12095,48082
12095,48083
12095,48084
12095,48085
12095,48086
12096,48136
12097,48230
12097,48231
12098,1447
12098,1448
12099,64670
12099,64671
12100,52488
12100,52489
12100,52490
12101,48547
12101,48548
12101,29907
12102,33977
12103,48640
12103,42360
12104,48658
12104,48659
12105,50539
12105,50540
12105,50541
12106,48243
12106,58977
12106,50175
12107,48811
12107,48812
12107,48813
12107,48814
12108,48844
12108,30926
12109,43377
12109,43379
12109,43378
12109,64108
12109,64109
12110,60918
12110,60919
12111,48885
12111,48886
12111,48887
12111,48888
12112,48935
12112,42935
12112,42934
12113,49077
12113,49078
12113,35501
12114,49109
12114,48220
12115,49209
12116,31137
12116,49290
12116,49291
12116,49292
12116,2632
12117,49301
12117,49302
12118,51226
12118,51227
12118,51228
12119,49509
12120,49528
12120,49529
12120,38876
12120,38843
12121,49660
12122,44501
12122,46966
12123,49739
12123,49740
12123,49741
12124,49810
12124,49811
12124,49812
12124,49813
12125,35414
12126,49984
12126,49985
12127,678
12127,53476
12127,515
12128,57100
12128,57101
12129,50137
12129,50138
12130,50188
12130,50189
12130,50190
12130,50191
12130,50192
12130,46777
12131,50193
12131,50194
12131,50195
12132,56755
12132,56756
12132,56757
12133,56949
12134,33360
12134,62345
12134,62346
12134,62347
12135,50518
12135,50519
12136,50653
12136,50654
12137,50773
12137,50774
12137,50775
12138,50837
12138,50838
12139,50925
12139,50926
12139,50927
12140,23326
12140,50957
12140,8643
12141,60654
12141,60655
12141,60656
12141,60657
12142,59777
12143,53497
12143,53498
12143,53499
12143,53500
12143,53501
12143,53502
12144,55705
12144,55706
12144,55707
12144,55708
12144,55709
12144,55710
12144,55711
12144,55712
12144,55713
12145,51471
12145,51472
12145,51473
12145,51474
12146,51529
12146,51530
12147,51721
12148,51722
12148,51723
12149,52025
12150,34461
12150,34462
12150,52106
12150,52107
12151,52162
12151,52163
12151,52164
12152,1656
12152,52169
12152,39146
12153,52327
12153,52328
12153,52329
12154,52406
12154,52407
12154,52408
12154,52409
12155,52486
12155,635
12155,52487
12156,62493
12156,62494
12156,40176
12157,53200
12158,52647
12159,229
12159,24578
12159,52684
12160,59791
12160,59792
12161,52798
12161,52799
12162,52820
12162,52821
12162,52822
12162,52823
12163,53149
12163,53150
12163,53151
12164,53181
12165,53494
12165,53495
12165,52073
12165,53496
12166,53373
12166,53374
12166,53375
12166,53376
12166,53377
12166,53378
12166,53379
12166,53380
12167,53389
12167,32786
12167,6572
12168,53456
12168,53457
12168,53458
12169,53469
12169,35910
12169,42689
12170,53486
12170,53487
12170,53488
12171,53640
12171,35473
12171,53641
12172,53790
12172,35246
12172,53791
12173,53829
12173,53830
12174,1344
12175,54105
12175,54106
12176,58283
12176,29527
12177,46646
12178,18489
12178,54355
12178,54356
12179,54425
12179,54426
12179,54427
12180,54442
12180,260
12181,54447
12181,54448
12181,54449
12182,12468
12183,20645
12184,55241
12184,55242
12184,55243
12184,55244
12185,55441
12185,55442
12186,55727
12186,55728
12187,58557
12187,58558
12187,36309
12187,58559
12187,58560
12188,56083
12188,56084
12189,56146
12189,46824
12190,56242
12190,56243
12190,56244
12190,56245
12191,56274
12191,56275
12191,11484
12192,56332
12193,56635
12193,56636
12194,56646
12194,56647
12195,56763
12195,56764
12196,56765
12196,21218
12196,56766
12196,9087
12197,56782
12198,56802
12199,56808
12199,56809
12199,40689
12200,56845
12200,48157
12201,57024
12201,57025
12201,57026
12202,57055
12203,57450
12203,57451
12203,57452
12203,12656
12204,20273
12204,57478
12204,57479
12204,57480
12205,57518
12205,57519
12205,57520
12206,59826
12206,48145
12206,59827
12206,59828
12207,57602
12207,57603
12207,57604
12207,57605
12207,57606
12208,57638
12208,57639
12208,57640
12209,46047
12209,2320
12210,58215
12210,58216
12210,58217
12210,58218
12211,58234
12211,58235
12212,58255
12212,58256
12213,58487
12213,58488
12213,58489
12214,61283
12214,61284
12214,61285
12214,61286
12214,61287
12214,61288
12215,58627
12215,58628
12215,58629
12216,58831
12216,58832
12216,58833
12216,58834
12217,58846
12217,58847
12218,64533
12218,36744
12218,36743
12219,58891
12219,58892
12219,58893
12220,59135
12221,59153
12221,59154
12221,59155
12222,59355
12222,59356
12223,7101
12223,59479
12223,59480
12223,59481
12223,7100
12223,59482
12223,52991
12224,59509
12224,59510
12224,59511
12224,59512
12225,59706
12225,59707
12225,59708
12226,60017
12226,60018
12227,60035
12227,60036
12228,60180
12228,60181
12228,60182
12228,60183
12229,60341
12230,60383
12231,60384
12231,60385
12231,60386
12232,60539
12232,60540
12232,60541
12233,60662
12233,60663
12234,60676
12235,60736
12235,60737
12235,60738
12235,60739
12236,60749
12236,60750
12237,60858
12238,60881
12238,60882
12239,61039
12239,61040
12240,61260
12241,61277
12241,61278
12241,61279
12241,61280
12241,61281
12241,61282
12242,62227
12242,62228
12243,61423
12243,61424
12244,24599
12244,61462
12244,61463
12245,61750
12245,61751
12246,61819
12246,61820
12246,61821
12247,61867
12247,22950
12247,61868
12247,61869
12248,61948
12249,62005
12249,60817
12249,9927
12249,9926
12250,62134
12250,62135
12251,62147
12251,45
12251,30787
12251,62148
12251,62149
12251,62150
12252,32225
12252,15771
12252,62343
12252,62344
12253,62360
12253,62361
12253,28957
12254,62363
12254,62364
12255,27869
12255,62398
12255,62399
12255,62400
12255,6018
12256,62519
12257,62554
12257,62555
12257,62556
12257,62557
12258,62592
12258,62593
12259,8129
12259,57195
12260,62859
12261,62899
12262,63057
12262,1874
12262,1875
12262,26196
12263,37992
12263,63219
12263,63220
12263,63221
12263,34339
12263,6212
12264,63264
12264,63265
12264,63266
12264,63267
12265,63270
12266,16372
12266,16373
12267,63565
12268,63875
12268,63876
12269,63976
12269,63977
12270,64039
12270,64040
12270,44367
12270,329
12271,64094
12272,64105
12272,64106
12273,64166
12273,64167
12274,64574
12275,64576
12275,26443
12276,64621
12276,64622
12276,64623
12276,64624
12277,64633
12277,64634
12278,64651
12278,64652
12279,6083
12279,17711
12279,64696
12279,64697
12280,64752
12280,64753
